11
Linda                  93  96  99  99  90   288
James                  99  96  99  90  93   288
Marie                  96  90  99  99  93   288
Tina                   90  96  99  99  93   288
Jonathan               99  96  90  99  93   288
Dana                   90  88  91  97  93   274
Steve                  83  29  98  92  97   272
Kevin                  83  92  98  29  97   272
Tom                    91  89  90  87  91   270
Bob                    82  84  89  93  85   258
Mary                   83  80  89  79  85   248
